%!PS-Adobe-2.0
%%Creator: "barcode", libbarcode sample frontend
%%DocumentPaperSizes: A4
%%EndComments
%%EndProlog

%%Page: 1 1

% Printing barcode for "https://musicadepanama.com/pdfs/libro/tema1.pdf", scaled  1.00, encoded using "code 128"
% The space/bar succession is represented by the following widths (space first):
% 02112141224111241121241121112421142123212211132221132224131111242111142121421121411221211241412211122141112421211242411121211244131111211241222311411221341114131111132221112421412211124121142121132222211141421121214211212411341111132221241121122144131111211241232211222311112421412211124121211422331112
[
%  height  xpos   ypos  width       height  xpos   ypos  width
   [70.00  11.00  20.00  1.85]      [70.00  13.50  20.00  0.85]
   [70.00  16.50  20.00  0.85]      [70.00  21.50  20.00  0.85]
   [70.00  25.00  20.00  1.85]      [70.00  30.50  20.00  0.85]
   [70.00  32.50  20.00  0.85]      [70.00  37.00  20.00  3.85]
   [70.00  40.50  20.00  0.85]      [70.00  43.50  20.00  0.85]
   [70.00  48.00  20.00  3.85]      [70.00  51.50  20.00  0.85]
   [70.00  54.50  20.00  0.85]      [70.00  56.50  20.00  0.85]
   [70.00  61.00  20.00  3.85]      [70.00  65.50  20.00  0.85]
   [70.00  69.00  20.00  3.85]      [70.00  73.50  20.00  0.85]
   [70.00  77.50  20.00  2.85]      [70.00  81.50  20.00  0.85]
   [70.00  85.00  20.00  1.85]      [70.00  87.50  20.00  0.85]
   [70.00  90.50  20.00  2.85]      [70.00  95.00  20.00  1.85]
   [70.00  98.50  20.00  0.85]      [70.00 101.50  20.00  2.85]
   [70.00 106.00  20.00  1.85]      [70.00 111.00  20.00  3.85]
   [70.00 115.50  20.00  2.85]      [70.00 118.50  20.00  0.85]
   [70.00 120.50  20.00  0.85]      [70.00 125.00  20.00  3.85]
   [70.00 129.50  20.00  0.85]      [70.00 131.50  20.00  0.85]
   [70.00 135.00  20.00  3.85]      [70.00 139.50  20.00  0.85]
   [70.00 142.50  20.00  0.85]      [70.00 148.00  20.00  1.85]
   [70.00 150.50  20.00  0.85]      [70.00 153.50  20.00  0.85]
   [70.00 158.50  20.00  0.85]      [70.00 161.00  20.00  1.85]
   [70.00 164.50  20.00  0.85]      [70.00 167.50  20.00  0.85]
   [70.00 170.00  20.00  1.85]      [70.00 175.50  20.00  0.85]
   [70.00 180.50  20.00  0.85]      [70.00 184.00  20.00  1.85]
   [70.00 186.50  20.00  0.85]      [70.00 189.00  20.00  1.85]
   [70.00 192.50  20.00  0.85]      [70.00 197.50  20.00  0.85]
   [70.00 199.50  20.00  0.85]      [70.00 204.00  20.00  3.85]
   [70.00 208.50  20.00  0.85]      [70.00 211.50  20.00  0.85]
   [70.00 214.00  20.00  1.85]      [70.00 220.00  20.00  1.85]
   [70.00 225.50  20.00  0.85]      [70.00 227.50  20.00  0.85]
   [70.00 230.50  20.00  0.85]      [70.00 233.50  20.00  0.85]
   [70.00 236.00  20.00  1.85]      [70.00 243.00  20.00  3.85]
   [70.00 247.50  20.00  2.85]      [70.00 250.50  20.00  0.85]
   [70.00 252.50  20.00  0.85]      [70.00 255.50  20.00  0.85]
   [70.00 258.00  20.00  1.85]      [70.00 263.50  20.00  0.85]
   [70.00 267.00  20.00  1.85]      [70.00 271.50  20.00  2.85]
   [70.00 274.50  20.00  0.85]      [70.00 279.50  20.00  0.85]
   [70.00 282.00  20.00  1.85]      [70.00 285.50  20.00  0.85]
   [70.00 291.00  20.00  3.85]      [70.00 294.50  20.00  0.85]
   [70.00 298.00  20.00  3.85]      [70.00 302.50  20.00  2.85]
   [70.00 305.50  20.00  0.85]      [70.00 307.50  20.00  0.85]
   [70.00 310.50  20.00  2.85]      [70.00 315.00  20.00  1.85]
   [70.00 318.50  20.00  0.85]      [70.00 320.50  20.00  0.85]
   [70.00 325.00  20.00  3.85]      [70.00 329.50  20.00  0.85]
   [70.00 334.50  20.00  0.85]      [70.00 338.00  20.00  1.85]
   [70.00 340.50  20.00  0.85]      [70.00 343.00  20.00  1.85]
   [70.00 348.50  20.00  0.85]      [70.00 351.50  20.00  0.85]
   [70.00 355.00  20.00  3.85]      [70.00 359.50  20.00  0.85]
   [70.00 362.50  20.00  0.85]      [70.00 365.50  20.00  2.85]
   [70.00 370.00  20.00  1.85]      [70.00 374.00  20.00  1.85]
   [70.00 377.50  20.00  0.85]      [70.00 379.50  20.00  0.85]
   [70.00 384.50  20.00  0.85]      [70.00 390.00  20.00  1.85]
   [70.00 392.50  20.00  0.85]      [70.00 395.50  20.00  0.85]
   [70.00 398.50  20.00  0.85]      [70.00 404.00  20.00  1.85]
   [70.00 406.50  20.00  0.85]      [70.00 409.50  20.00  0.85]
   [70.00 414.00  20.00  3.85]      [70.00 417.50  20.00  0.85]
   [70.00 423.00  20.00  3.85]      [70.00 426.50  20.00  0.85]
   [70.00 428.50  20.00  0.85]      [70.00 431.50  20.00  2.85]
   [70.00 436.00  20.00  1.85]      [70.00 439.50  20.00  0.85]
   [70.00 444.00  20.00  3.85]      [70.00 447.50  20.00  0.85]
   [70.00 450.50  20.00  0.85]      [70.00 453.00  20.00  1.85]
   [70.00 456.50  20.00  0.85]      [70.00 463.00  20.00  3.85]
   [70.00 467.50  20.00  2.85]      [70.00 470.50  20.00  0.85]
   [70.00 472.50  20.00  0.85]      [70.00 475.50  20.00  0.85]
   [70.00 478.00  20.00  1.85]      [70.00 483.50  20.00  0.85]
   [70.00 487.50  20.00  2.85]      [70.00 492.00  20.00  1.85]
   [70.00 494.50  20.00  0.85]      [70.00 498.00  20.00  1.85]
   [70.00 502.50  20.00  2.85]      [70.00 505.50  20.00  0.85]
   [70.00 507.50  20.00  0.85]      [70.00 512.00  20.00  3.85]
   [70.00 516.50  20.00  0.85]      [70.00 521.50  20.00  0.85]
   [70.00 525.00  20.00  1.85]      [70.00 527.50  20.00  0.85]
   [70.00 530.00  20.00  1.85]      [70.00 535.50  20.00  0.85]
   [70.00 538.50  20.00  0.85]      [70.00 541.50  20.00  0.85]
   [70.00 545.00  20.00  3.85]      [70.00 550.00  20.00  1.85]
   [70.00 555.50  20.00  2.85]      [70.00 558.50  20.00  0.85]
   [70.00 561.00  20.00  1.85]   
]	{ {} forall setlinewidth moveto 0 exch rlineto stroke} bind forall
[
%   char    xpos   ypos fontsize
    [(h)   21.00  10.00 12.00]
    [(t)   28.30  10.00  0.00]
    [(t)   35.60  10.00  0.00]
    [(p)   42.90  10.00  0.00]
    [(s)   50.20  10.00  0.00]
    [(:)   57.50  10.00  0.00]
    [(/)   64.80  10.00  0.00]
    [(/)   72.10  10.00  0.00]
    [(m)   79.40  10.00  0.00]
    [(u)   86.70  10.00  0.00]
    [(s)   94.00  10.00  0.00]
    [(i)  101.30  10.00  0.00]
    [(c)  108.60  10.00  0.00]
    [(a)  115.90  10.00  0.00]
    [(d)  123.20  10.00  0.00]
    [(e)  130.50  10.00  0.00]
    [(p)  137.80  10.00  0.00]
    [(a)  145.10  10.00  0.00]
    [(n)  152.40  10.00  0.00]
    [(a)  159.70  10.00  0.00]
    [(m)  167.00  10.00  0.00]
    [(a)  174.30  10.00  0.00]
    [(.)  181.60  10.00  0.00]
    [(c)  188.90  10.00  0.00]
    [(o)  196.20  10.00  0.00]
    [(m)  203.50  10.00  0.00]
    [(/)  210.80  10.00  0.00]
    [(p)  218.10  10.00  0.00]
    [(d)  225.40  10.00  0.00]
    [(f)  232.70  10.00  0.00]
    [(s)  240.00  10.00  0.00]
    [(/)  247.30  10.00  0.00]
    [(l)  254.60  10.00  0.00]
    [(i)  261.90  10.00  0.00]
    [(b)  269.20  10.00  0.00]
    [(r)  276.50  10.00  0.00]
    [(o)  283.80  10.00  0.00]
    [(/)  291.10  10.00  0.00]
    [(t)  298.40  10.00  0.00]
    [(e)  305.70  10.00  0.00]
    [(m)  313.00  10.00  0.00]
    [(a)  320.30  10.00  0.00]
    [(1)  327.60  10.00  0.00]
    [(.)  334.90  10.00  0.00]
    [(p)  342.20  10.00  0.00]
    [(d)  349.50  10.00  0.00]
    [(f)  356.80  10.00  0.00]
]   { {} forall dup 0.00 ne {
	/Helvetica findfont exch scalefont setfont
    } {pop} ifelse
    moveto show} bind forall
% End barcode for "https://musicadepanama.com/pdfs/libro/tema1.pdf"

showpage
%%Trailer

